egln2_Lepisosteus_oculatus_0383	NA	NA	NA	NA	NA	3.98	0.93	1.93	-2.46	0.75	NA	NA	NA	NA	NA	NA	NA	NA	NA	NA	NA	NA	NA	NA	NA	NA	NA	NA	NA	NA	NA	NA	NA	NA	NA	NA	NA	NA	NA	NA	NA	NA	NA	NA	NA	3.11	0.26	-0.11	-3.04	-0.25	1.75	0.5	-1.44	-1.34	0.66	-2.59	-2.64	-1.54	-0.85	-0.02	3.52	2.5	-3.5	1.99	-0.17	0.24	-2.32	0.6	-0.14	1.3	2.29	0.89	-2.49	1.49	0.31	3.11	0.26	-0.11	-3.04	-0.25	-1.66	0.27	1.84	0.7	2	-2.59	-2.64	-1.54	-0.85	-0.02	0.75	-2.18	-1.12	-1.46	-0.4	2.29	0.89	-2.49	1.49	0.31
egln2_Anguilla_anguilla_9826	3.98	0.93	1.93	-2.46	0.75	3.98	0.93	1.93	-2.46	0.75	2.05	-4.06	0.36	-0.82	-0.38	-2.59	-2.64	-1.54	-0.85	-0.02	0.75	-2.18	-1.12	-1.46	-0.4	NA	NA	NA	NA	NA	-2.59	-2.64	-1.54	-0.85	-0.02	NA	NA	NA	NA	NA	0.75	-2.18	-1.12	-1.46	-0.4	3.11	0.26	-0.11	-3.04	-0.25	1.75	0.5	-1.44	-1.34	0.66	-2.59	-2.64	-1.54	-0.85	-0.02	3.52	2.5	-3.5	1.99	-0.17	0.75	-2.18	-1.12	-1.46	-0.4	2.29	0.89	-2.49	1.49	0.31	3.11	0.26	-0.11	-3.04	-0.25	-1.66	0.27	1.84	0.7	2	-2.59	-2.64	-1.54	-0.85	-0.02	0.75	-2.18	-1.12	-1.46	-0.4	2.29	0.89	-2.49	1.49	0.31
egln2_Clupea_harengus_1526	3.98	0.93	1.93	-2.46	0.75	2.39	-1.07	1.15	-1.39	0.67	-2.59	-2.64	-1.54	-0.85	-0.02	NA	NA	NA	NA	NA	2.39	-1.07	1.15	-1.39	0.67	-1.66	0.27	1.84	0.7	2	-4.22	1.94	1.06	0.54	-0.62	-1.66	0.27	1.84	0.7	2	2.39	-1.07	1.15	-1.39	0.67	3.52	2.5	-3.5	1.99	-0.17	1.75	0.5	-1.44	-1.34	0.66	-2.59	-2.64	-1.54	-0.85	-0.02	3.52	2.5	-3.5	1.99	-0.17	0.75	-2.18	-1.12	-1.46	-0.4	2.29	0.89	-2.49	1.49	0.31	2.29	0.89	-2.49	1.49	0.31	-1.66	0.27	1.84	0.7	2	-2.59	-2.64	-1.54	-0.85	-0.02	0.75	-2.18	-1.12	-1.46	-0.4	2.29	0.89	-2.49	1.49	0.31
egln2_Colossoma_macropomum_3212	3.98	0.93	1.93	-2.46	0.75	2.39	-1.07	1.15	-1.39	0.67	2.05	-4.06	0.36	-0.82	-0.38	0.75	-2.18	-1.12	-1.46	-0.4	2.39	-1.07	1.15	-1.39	0.67	NA	NA	NA	NA	NA	NA	NA	NA	NA	NA	0.84	-1.67	3.71	0.18	-2.65	2.39	-1.07	1.15	-1.39	0.67	3.52	2.5	-3.5	1.99	-0.17	1.75	0.5	-1.44	-1.34	0.66	-2.59	-2.64	-1.54	-0.85	-0.02	3.52	2.5	-3.5	1.99	-0.17	0.75	-2.18	-1.12	-1.46	-0.4	2.29	0.89	-2.49	1.49	0.31	1.75	0.5	-1.44	-1.34	0.66	3.52	2.5	-3.5	1.99	-0.17	-2.59	-2.64	-1.54	-0.85	-0.02	0.75	-2.18	-1.12	-1.46	-0.4	3.05	1.62	1.04	-1.15	1.61
egln2l_Ctenopharyngodon_idella_5312	3.98	0.93	1.93	-2.46	0.75	0.84	-1.67	3.71	0.18	-2.65	2.05	-4.06	0.36	-0.82	-0.38	2.39	-1.07	1.15	-1.39	0.67	2.39	-1.07	1.15	-1.39	0.67	NA	NA	NA	NA	NA	NA	NA	NA	NA	NA	-1.66	0.27	1.84	0.7	2	1.75	0.5	-1.44	-1.34	0.66	3.52	2.5	-3.5	1.99	-0.17	1.75	0.5	-1.44	-1.34	0.66	-2.59	-2.64	-1.54	-0.85	-0.02	3.52	2.5	-3.5	1.99	-0.17	0.75	-2.18	-1.12	-1.46	-0.4	2.29	0.89	-2.49	1.49	0.31	2.29	0.89	-2.49	1.49	0.31	-1.66	0.27	1.84	0.7	2	-2.59	-2.64	-1.54	-0.85	-0.02	0.75	-2.18	-1.12	-1.46	-0.4	2.29	0.89	-2.49	1.49	0.31
egln2_Danio_rerio_9569	3.98	0.93	1.93	-2.46	0.75	NA	NA	NA	NA	NA	2.05	-4.06	0.36	-0.82	-0.38	1.75	0.5	-1.44	-1.34	0.66	2.39	-1.07	1.15	-1.39	0.67	NA	NA	NA	NA	NA	NA	NA	NA	NA	NA	NA	NA	NA	NA	NA	1.75	0.5	-1.44	-1.34	0.66	3.52	2.5	-3.5	1.99	-0.17	1.75	0.5	-1.44	-1.34	0.66	-2.59	-2.64	-1.54	-0.85	-0.02	3.52	2.5	-3.5	1.99	-0.17	2.39	-1.07	1.15	-1.39	0.67	2.29	0.89	-2.49	1.49	0.31	3.11	0.26	-0.11	-3.04	-0.25	-1.66	0.27	1.84	0.7	2	-2.59	-2.64	-1.54	-0.85	-0.02	0.75	-2.18	-1.12	-1.46	-0.4	2.29	0.89	-2.49	1.49	0.31
egln2l_Cyprinus_carpio_2858	2.39	-1.07	1.15	-1.39	0.67	0.84	-1.67	3.71	0.18	-2.65	2.05	-4.06	0.36	-0.82	-0.38	2.39	-1.07	1.15	-1.39	0.67	2.39	-1.07	1.15	-1.39	0.67	NA	NA	NA	NA	NA	NA	NA	NA	NA	NA	2.05	-4.06	0.36	-0.82	-0.38	3.05	1.62	1.04	-1.15	1.61	2.47	1.95	0.26	3.9	0.09	-2.85	-0.22	0.47	1.94	-0.98	-2.59	-2.64	-1.54	-0.85	-0.02	3.52	2.5	-3.5	1.99	-0.17	NA	NA	NA	NA	NA	NA	NA	NA	NA	NA	NA	NA	NA	NA	NA	NA	NA	NA	NA	NA	NA	NA	NA	NA	NA	NA	NA	NA	NA	NA	NA	NA	NA	NA	NA
egln2l_Carassius_auratus_5280	2.39	-1.07	1.15	-1.39	0.67	0.84	-1.67	3.71	0.18	-2.65	2.05	-4.06	0.36	-0.82	-0.38	2.39	-1.07	1.15	-1.39	0.67	2.39	-1.07	1.15	-1.39	0.67	NA	NA	NA	NA	NA	NA	NA	NA	NA	NA	2.05	-4.06	0.36	-0.82	-0.38	3.05	1.62	1.04	-1.15	1.61	2.47	1.95	0.26	3.9	0.09	-2.85	-0.22	0.47	1.94	-0.98	-2.59	-2.64	-1.54	-0.85	-0.02	3.52	2.5	-3.5	1.99	-0.17	0.75	-2.18	-1.12	-1.46	-0.4	2.29	0.89	-2.49	1.49	0.31	2.29	0.89	-2.49	1.49	0.31	-1.66	0.27	1.84	0.7	2	-2.59	-2.64	-1.54	-0.85	-0.02	0.75	-2.18	-1.12	-1.46	-0.4	2.29	0.89	-2.49	1.49	0.31
egln2l_Cyprinus_carpio_4525	3.98	0.93	1.93	-2.46	0.75	0.84	-1.67	3.71	0.18	-2.65	2.05	-4.06	0.36	-0.82	-0.38	2.39	-1.07	1.15	-1.39	0.67	2.39	-1.07	1.15	-1.39	0.67	NA	NA	NA	NA	NA	NA	NA	NA	NA	NA	-1.66	0.27	1.84	0.7	2	1.75	0.5	-1.44	-1.34	0.66	2.47	1.95	0.26	3.9	0.09	1.75	0.5	-1.44	-1.34	0.66	-2.59	-2.64	-1.54	-0.85	-0.02	3.52	2.5	-3.5	1.99	-0.17	0.75	-2.18	-1.12	-1.46	-0.4	2.29	0.89	-2.49	1.49	0.31	2.29	0.89	-2.49	1.49	0.31	-1.66	0.27	1.84	0.7	2	-2.59	-2.64	-1.54	-0.85	-0.02	0.75	-2.18	-1.12	-1.46	-0.4	2.29	0.89	-2.49	1.49	0.31
egln2l_Carassius_auratus_8594	3.98	0.93	1.93	-2.46	0.75	0.84	-1.67	3.71	0.18	-2.65	2.05	-4.06	0.36	-0.82	-0.38	2.39	-1.07	1.15	-1.39	0.67	2.39	-1.07	1.15	-1.39	0.67	NA	NA	NA	NA	NA	NA	NA	NA	NA	NA	-1.66	0.27	1.84	0.7	2	1.75	0.5	-1.44	-1.34	0.66	2.47	1.95	0.26	3.9	0.09	1.75	0.5	-1.44	-1.34	0.66	-2.59	-2.64	-1.54	-0.85	-0.02	3.52	2.5	-3.5	1.99	-0.17	0.75	-2.18	-1.12	-1.46	-0.4	2.29	0.89	-2.49	1.49	0.31	2.29	0.89	-2.49	1.49	0.31	-1.66	0.27	1.84	0.7	2	-2.59	-2.64	-1.54	-0.85	-0.02	0.75	-2.18	-1.12	-1.46	-0.4	2.29	0.89	-2.49	1.49	0.31
egln2_Esox_lucius_2182	3.98	0.93	1.93	-2.46	0.75	1.75	0.5	-1.44	-1.34	0.66	2.39	-1.07	1.15	-1.39	0.67	-4.28	-1.3	-1.49	-0.72	0.84	-1.66	0.27	1.84	0.7	2	NA	NA	NA	NA	NA	NA	NA	NA	NA	NA	-1.66	0.27	1.84	0.7	2	2.39	-1.07	1.15	-1.39	0.67	0.84	-1.67	3.71	0.18	-2.65	1.75	0.5	-1.44	-1.34	0.66	-2.59	-2.64	-1.54	-0.85	-0.02	2.29	0.89	-2.49	1.49	0.31	0.75	-2.18	-1.12	-1.46	-0.4	2.29	0.89	-2.49	1.49	0.31	3.11	0.26	-0.11	-3.04	-0.25	-1.66	0.27	1.84	0.7	2	-2.59	-2.64	-1.54	-0.85	-0.02	0.75	-2.18	-1.12	-1.46	-0.4	NA	NA	NA	NA	NA
egln2_Salmo_salar_6807	3.98	0.93	1.93	-2.46	0.75	1.75	0.5	-1.44	-1.34	0.66	2.39	-1.07	1.15	-1.39	0.67	-4.28	-1.3	-1.49	-0.72	0.84	-1.66	0.27	1.84	0.7	2	NA	NA	NA	NA	NA	2.05	-4.06	0.36	-0.82	-0.38	-1.66	0.27	1.84	0.7	2	2.39	-1.07	1.15	-1.39	0.67	3.52	2.5	-3.5	1.99	-0.17	1.75	0.5	-1.44	-1.34	0.66	-2.59	-2.64	-1.54	-0.85	-0.02	2.29	0.89	-2.49	1.49	0.31	0.75	-2.18	-1.12	-1.46	-0.4	2.29	0.89	-2.49	1.49	0.31	3.11	0.26	-0.11	-3.04	-0.25	-1.66	0.27	1.84	0.7	2	-2.59	-2.64	-1.54	-0.85	-0.02	0.75	-2.18	-1.12	-1.46	-0.4	2.29	0.89	-2.49	1.49	0.31
egln2_Oncorhynchus_mykiss_3496	3.98	0.93	1.93	-2.46	0.75	1.75	0.5	-1.44	-1.34	0.66	0.75	-2.18	-1.12	-1.46	-0.4	-4.28	-1.3	-1.49	-0.72	0.84	-1.66	0.27	1.84	0.7	2	NA	NA	NA	NA	NA	2.05	-4.06	0.36	-0.82	-0.38	-1.66	0.27	1.84	0.7	2	2.39	-1.07	1.15	-1.39	0.67	3.52	2.5	-3.5	1.99	-0.17	1.75	0.5	-1.44	-1.34	0.66	-2.59	-2.64	-1.54	-0.85	-0.02	2.29	0.89	-2.49	1.49	0.31	0.75	-2.18	-1.12	-1.46	-0.4	2.29	0.89	-2.49	1.49	0.31	3.11	0.26	-0.11	-3.04	-0.25	-1.66	0.27	1.84	0.7	2	-2.59	-2.64	-1.54	-0.85	-0.02	0.75	-2.18	-1.12	-1.46	-0.4	2.29	0.89	-2.49	1.49	0.31
egln2l_Oncorhynchus_tshawytscha_6681	3.98	0.93	1.93	-2.46	0.75	1.75	0.5	-1.44	-1.34	0.66	0.75	-2.18	-1.12	-1.46	-0.4	-4.28	-1.3	-1.49	-0.72	0.84	-1.66	0.27	1.84	0.7	2	NA	NA	NA	NA	NA	2.05	-4.06	0.36	-0.82	-0.38	-1.66	0.27	1.84	0.7	2	2.39	-1.07	1.15	-1.39	0.67	3.52	2.5	-3.5	1.99	-0.17	1.75	0.5	-1.44	-1.34	0.66	-2.59	-2.64	-1.54	-0.85	-0.02	2.29	0.89	-2.49	1.49	0.31	3.11	0.26	-0.11	-3.04	-0.25	0.75	-2.18	-1.12	-1.46	-0.4	2.39	-1.07	1.15	-1.39	0.67	2.29	0.89	-2.49	1.49	0.31	1.75	0.5	-1.44	-1.34	0.66	3.98	0.93	1.93	-2.46	0.75	2.39	-1.07	1.15	-1.39	0.67
egln2l_Salmo_salar_9256	3.98	0.93	1.93	-2.46	0.75	1.75	0.5	-1.44	-1.34	0.66	2.39	-1.07	1.15	-1.39	0.67	3.11	0.26	-0.11	-3.04	-0.25	-1.66	0.27	1.84	0.7	2	NA	NA	NA	NA	NA	2.05	-4.06	0.36	-0.82	-0.38	-1.66	0.27	1.84	0.7	2	2.39	-1.07	1.15	-1.39	0.67	3.52	2.5	-3.5	1.99	-0.17	1.75	0.5	-1.44	-1.34	0.66	-2.59	-2.64	-1.54	-0.85	-0.02	2.29	0.89	-2.49	1.49	0.31	0.75	-2.18	-1.12	-1.46	-0.4	2.29	0.89	-2.49	1.49	0.31	3.11	0.26	-0.11	-3.04	-0.25	-1.66	0.27	1.84	0.7	2	-2.59	-2.64	-1.54	-0.85	-0.02	0.75	-2.18	-1.12	-1.46	-0.4	2.29	0.89	-2.49	1.49	0.31
egln2_Oncorhynchus_mykiss_7058	3.98	0.93	1.93	-2.46	0.75	1.75	0.5	-1.44	-1.34	0.66	2.39	-1.07	1.15	-1.39	0.67	-4.28	-1.3	-1.49	-0.72	0.84	-1.66	0.27	1.84	0.7	2	NA	NA	NA	NA	NA	2.05	-4.06	0.36	-0.82	-0.38	-1.66	0.27	1.84	0.7	2	2.39	-1.07	1.15	-1.39	0.67	3.52	2.5	-3.5	1.99	-0.17	1.75	0.5	-1.44	-1.34	0.66	-2.59	-2.64	-1.54	-0.85	-0.02	2.29	0.89	-2.49	1.49	0.31	0.75	-2.18	-1.12	-1.46	-0.4	2.29	0.89	-2.49	1.49	0.31	3.11	0.26	-0.11	-3.04	-0.25	-1.66	0.27	1.84	0.7	2	-2.59	-2.64	-1.54	-0.85	-0.02	0.75	-2.18	-1.12	-1.46	-0.4	2.29	0.89	-2.49	1.49	0.31
egln2l_Oncorhynchus_tshawytscha_5089	3.98	0.93	1.93	-2.46	0.75	1.75	0.5	-1.44	-1.34	0.66	2.39	-1.07	1.15	-1.39	0.67	-4.28	-1.3	-1.49	-0.72	0.84	-1.66	0.27	1.84	0.7	2	NA	NA	NA	NA	NA	2.05	-4.06	0.36	-0.82	-0.38	-1.66	0.27	1.84	0.7	2	2.39	-1.07	1.15	-1.39	0.67	3.52	2.5	-3.5	1.99	-0.17	1.75	0.5	-1.44	-1.34	0.66	-2.59	-2.64	-1.54	-0.85	-0.02	2.29	0.89	-2.49	1.49	0.31	0.75	-2.18	-1.12	-1.46	-0.4	2.29	0.89	-2.49	1.49	0.31	3.11	0.26	-0.11	-3.04	-0.25	-1.66	0.27	1.84	0.7	2	-2.59	-2.64	-1.54	-0.85	-0.02	0.75	-2.18	-1.12	-1.46	-0.4	2.29	0.89	-2.49	1.49	0.31
egln2l_Gadus_morhua_8963	NA	NA	NA	NA	NA	NA	NA	NA	NA	NA	NA	NA	NA	NA	NA	NA	NA	NA	NA	NA	NA	NA	NA	NA	NA	NA	NA	NA	NA	NA	NA	NA	NA	NA	NA	NA	NA	NA	NA	NA	NA	NA	NA	NA	NA	NA	NA	NA	NA	NA	NA	NA	NA	NA	NA	3.11	0.26	-0.11	-3.04	-0.25	2.47	1.95	0.26	3.9	0.09	0.75	-2.18	-1.12	-1.46	-0.4	2.29	0.89	-2.49	1.49	0.31	3.11	0.26	-0.11	-3.04	-0.25	-1.66	0.27	1.84	0.7	2	-2.59	-2.64	-1.54	-0.85	-0.02	0.75	-2.18	-1.12	-1.46	-0.4	3.52	2.5	-3.5	1.99	-0.17
egln2_Gasterosteus_aculeatus_0907	3.98	0.93	1.93	-2.46	0.75	3.11	0.26	-0.11	-3.04	-0.25	2.39	-1.07	1.15	-1.39	0.67	0.24	-2.32	0.6	-0.14	1.3	-2.59	-2.64	-1.54	-0.85	-0.02	NA	NA	NA	NA	NA	NA	NA	NA	NA	NA	-1.66	0.27	1.84	0.7	2	2.39	-1.07	1.15	-1.39	0.67	3.52	2.5	-3.5	1.99	-0.17	1.75	0.5	-1.44	-1.34	0.66	2.29	0.89	-2.49	1.49	0.31	2.29	0.89	-2.49	1.49	0.31	0.24	-2.32	0.6	-0.14	1.3	2.29	0.89	-2.49	1.49	0.31	3.11	0.26	-0.11	-3.04	-0.25	-1.66	0.27	1.84	0.7	2	-2.59	-2.64	-1.54	-0.85	-0.02	2.39	-1.07	1.15	-1.39	0.67	3.52	2.5	-3.5	1.99	-0.17
egln2_Cyclopterus_lumpus_1644	3.98	0.93	1.93	-2.46	0.75	3.11	0.26	-0.11	-3.04	-0.25	2.39	-1.07	1.15	-1.39	0.67	2.39	-1.07	1.15	-1.39	0.67	-2.59	-2.64	-1.54	-0.85	-0.02	NA	NA	NA	NA	NA	0.84	-1.67	3.71	0.18	-2.65	-1.66	0.27	1.84	0.7	2	2.39	-1.07	1.15	-1.39	0.67	2.47	1.95	0.26	3.9	0.09	1.75	0.5	-1.44	-1.34	0.66	2.29	0.89	-2.49	1.49	0.31	2.29	0.89	-2.49	1.49	0.31	0.75	-2.18	-1.12	-1.46	-0.4	2.29	0.89	-2.49	1.49	0.31	3.11	0.26	-0.11	-3.04	-0.25	-1.66	0.27	1.84	0.7	2	-2.59	-2.64	-1.54	-0.85	-0.02	0.75	-2.18	-1.12	-1.46	-0.4	3.52	2.5	-3.5	1.99	-0.17
egln2_Morone_saxatilis_2165	3.98	0.93	1.93	-2.46	0.75	3.11	0.26	-0.11	-3.04	-0.25	2.39	-1.07	1.15	-1.39	0.67	2.39	-1.07	1.15	-1.39	0.67	-2.59	-2.64	-1.54	-0.85	-0.02	NA	NA	NA	NA	NA	-2.59	-2.64	-1.54	-0.85	-0.02	-1.66	0.27	1.84	0.7	2	2.39	-1.07	1.15	-1.39	0.67	3.11	0.26	-0.11	-3.04	-0.25	1.75	0.5	-1.44	-1.34	0.66	2.29	0.89	-2.49	1.49	0.31	2.29	0.89	-2.49	1.49	0.31	0.75	-2.18	-1.12	-1.46	-0.4	2.29	0.89	-2.49	1.49	0.31	3.11	0.26	-0.11	-3.04	-0.25	-1.66	0.27	1.84	0.7	2	-2.59	-2.64	-1.54	-0.85	-0.02	0.75	-2.18	-1.12	-1.46	-0.4	3.52	2.5	-3.5	1.99	-0.17
egln2_Micropterus_salmoides_2224	3.98	0.93	1.93	-2.46	0.75	3.11	0.26	-0.11	-3.04	-0.25	2.39	-1.07	1.15	-1.39	0.67	2.39	-1.07	1.15	-1.39	0.67	-2.59	-2.64	-1.54	-0.85	-0.02	NA	NA	NA	NA	NA	0.84	-1.67	3.71	0.18	-2.65	-1.66	0.27	1.84	0.7	2	2.39	-1.07	1.15	-1.39	0.67	3.52	2.5	-3.5	1.99	-0.17	1.75	0.5	-1.44	-1.34	0.66	0.75	-2.18	-1.12	-1.46	-0.4	2.29	0.89	-2.49	1.49	0.31	0.75	-2.18	-1.12	-1.46	-0.4	2.29	0.89	-2.49	1.49	0.31	3.11	0.26	-0.11	-3.04	-0.25	-1.66	0.27	1.84	0.7	2	-2.59	-2.64	-1.54	-0.85	-0.02	0.75	-2.18	-1.12	-1.46	-0.4	3.52	2.5	-3.5	1.99	-0.17
egln2_Perca_fluviatilis_3539	3.98	0.93	1.93	-2.46	0.75	3.11	0.26	-0.11	-3.04	-0.25	2.39	-1.07	1.15	-1.39	0.67	2.39	-1.07	1.15	-1.39	0.67	-2.59	-2.64	-1.54	-0.85	-0.02	-2.59	-2.64	-1.54	-0.85	-0.02	0.84	-1.67	3.71	0.18	-2.65	-1.66	0.27	1.84	0.7	2	2.39	-1.07	1.15	-1.39	0.67	3.52	2.5	-3.5	1.99	-0.17	1.75	0.5	-1.44	-1.34	0.66	2.29	0.89	-2.49	1.49	0.31	2.29	0.89	-2.49	1.49	0.31	2.39	-1.07	1.15	-1.39	0.67	2.29	0.89	-2.49	1.49	0.31	3.11	0.26	-0.11	-3.04	-0.25	-1.66	0.27	1.84	0.7	2	-2.59	-2.64	-1.54	-0.85	-0.02	0.75	-2.18	-1.12	-1.46	-0.4	3.52	2.5	-3.5	1.99	-0.17
egln2_Thunnus_maccoyii_8827	3.98	0.93	1.93	-2.46	0.75	3.11	0.26	-0.11	-3.04	-0.25	2.39	-1.07	1.15	-1.39	0.67	2.39	-1.07	1.15	-1.39	0.67	-2.59	-2.64	-1.54	-0.85	-0.02	NA	NA	NA	NA	NA	0.84	-1.67	3.71	0.18	-2.65	-1.66	0.27	1.84	0.7	2	2.39	-1.07	1.15	-1.39	0.67	3.52	2.5	-3.5	1.99	-0.17	1.75	0.5	-1.44	-1.34	0.66	2.29	0.89	-2.49	1.49	0.31	2.29	0.89	-2.49	1.49	0.31	0.75	-2.18	-1.12	-1.46	-0.4	2.29	0.89	-2.49	1.49	0.31	3.11	0.26	-0.11	-3.04	-0.25	-1.66	0.27	1.84	0.7	2	-2.59	-2.64	-1.54	-0.85	-0.02	0.75	-2.18	-1.12	-1.46	-0.4	3.52	2.5	-3.5	1.99	-0.17
egln2_Lates_calcarifer_0822	3.98	0.93	1.93	-2.46	0.75	3.11	0.26	-0.11	-3.04	-0.25	2.39	-1.07	1.15	-1.39	0.67	2.39	-1.07	1.15	-1.39	0.67	-2.59	-2.64	-1.54	-0.85	-0.02	-2.59	-2.64	-1.54	-0.85	-0.02	0.84	-1.67	3.71	0.18	-2.65	-1.66	0.27	1.84	0.7	2	2.39	-1.07	1.15	-1.39	0.67	3.52	2.5	-3.5	1.99	-0.17	1.75	0.5	-1.44	-1.34	0.66	2.29	0.89	-2.49	1.49	0.31	2.29	0.89	-2.49	1.49	0.31	0.75	-2.18	-1.12	-1.46	-0.4	2.29	0.89	-2.49	1.49	0.31	3.11	0.26	-0.11	-3.04	-0.25	-1.66	0.27	1.84	0.7	2	-2.59	-2.64	-1.54	-0.85	-0.02	0.75	-2.18	-1.12	-1.46	-0.4	2.29	0.89	-2.49	1.49	0.31
egln2_Betta_splendens_7698	3.98	0.93	1.93	-2.46	0.75	3.11	0.26	-0.11	-3.04	-0.25	0.24	-2.32	0.6	-0.14	1.3	-1.66	0.27	1.84	0.7	2	0.24	-2.32	0.6	-0.14	1.3	-2.59	-2.64	-1.54	-0.85	-0.02	0.84	-1.67	3.71	0.18	-2.65	-1.66	0.27	1.84	0.7	2	2.39	-1.07	1.15	-1.39	0.67	2.47	1.95	0.26	3.9	0.09	1.75	0.5	-1.44	-1.34	0.66	2.29	0.89	-2.49	1.49	0.31	2.29	0.89	-2.49	1.49	0.31	0.75	-2.18	-1.12	-1.46	-0.4	2.29	0.89	-2.49	1.49	0.31	3.11	0.26	-0.11	-3.04	-0.25	-1.66	0.27	1.84	0.7	2	-2.59	-2.64	-1.54	-0.85	-0.02	0.75	-2.18	-1.12	-1.46	-0.4	3.52	2.5	-3.5	1.99	-0.17
egln2_Scophthalmus_maximus_9216	1.75	0.5	-1.44	-1.34	0.66	-1.66	0.27	1.84	0.7	2	2.39	-1.07	1.15	-1.39	0.67	2.39	-1.07	1.15	-1.39	0.67	0.24	-2.32	0.6	-0.14	1.3	-2.59	-2.64	-1.54	-0.85	-0.02	0.84	-1.67	3.71	0.18	-2.65	-1.66	0.27	1.84	0.7	2	2.39	-1.07	1.15	-1.39	0.67	3.52	2.5	-3.5	1.99	-0.17	1.75	0.5	-1.44	-1.34	0.66	2.29	0.89	-2.49	1.49	0.31	2.29	0.89	-2.49	1.49	0.31	0.75	-2.18	-1.12	-1.46	-0.4	2.29	0.89	-2.49	1.49	0.31	3.11	0.26	-0.11	-3.04	-0.25	-1.66	0.27	1.84	0.7	2	-2.59	-2.64	-1.54	-0.85	-0.02	0.75	-2.18	-1.12	-1.46	-0.4	2.29	0.89	-2.49	1.49	0.31
egln2l_Acanthochromis_polyacanthus_7467	3.98	0.93	1.93	-2.46	0.75	3.11	0.26	-0.11	-3.04	-0.25	2.39	-1.07	1.15	-1.39	0.67	2.39	-1.07	1.15	-1.39	0.67	-2.59	-2.64	-1.54	-0.85	-0.02	NA	NA	NA	NA	NA	-2.85	-0.22	0.47	1.94	-0.98	NA	NA	NA	NA	NA	2.39	-1.07	1.15	-1.39	0.67	3.52	2.5	-3.5	1.99	-0.17	1.75	0.5	-1.44	-1.34	0.66	0.75	-2.18	-1.12	-1.46	-0.4	2.29	0.89	-2.49	1.49	0.31	0.75	-2.18	-1.12	-1.46	-0.4	2.29	0.89	-2.49	1.49	0.31	3.11	0.26	-0.11	-3.04	-0.25	-1.66	0.27	1.84	0.7	2	-2.59	-2.64	-1.54	-0.85	-0.02	0.75	-2.18	-1.12	-1.46	-0.4	3.52	2.5	-3.5	1.99	-0.17
egln2_Oreochromis_niloticus_1117	3.98	0.93	1.93	-2.46	0.75	3.52	2.5	-3.5	1.99	-0.17	2.39	-1.07	1.15	-1.39	0.67	2.39	-1.07	1.15	-1.39	0.67	-2.59	-2.64	-1.54	-0.85	-0.02	-2.59	-2.64	-1.54	-0.85	-0.02	0.84	-1.67	3.71	0.18	-2.65	NA	NA	NA	NA	NA	0.24	-2.32	0.6	-0.14	1.3	3.11	0.26	-0.11	-3.04	-0.25	1.75	0.5	-1.44	-1.34	0.66	2.29	0.89	-2.49	1.49	0.31	2.29	0.89	-2.49	1.49	0.31	0.75	-2.18	-1.12	-1.46	-0.4	2.29	0.89	-2.49	1.49	0.31	3.11	0.26	-0.11	-3.04	-0.25	-1.66	0.27	1.84	0.7	2	-2.59	-2.64	-1.54	-0.85	-0.02	0.75	-2.18	-1.12	-1.46	-0.4	3.52	2.5	-3.5	1.99	-0.17
egln2_Poecilia_latipinna_3845	1.75	0.5	-1.44	-1.34	0.66	3.11	0.26	-0.11	-3.04	-0.25	2.39	-1.07	1.15	-1.39	0.67	2.39	-1.07	1.15	-1.39	0.67	-2.59	-2.64	-1.54	-0.85	-0.02	NA	NA	NA	NA	NA	-2.59	-2.64	-1.54	-0.85	-0.02	NA	NA	NA	NA	NA	2.39	-1.07	1.15	-1.39	0.67	3.11	0.26	-0.11	-3.04	-0.25	1.75	0.5	-1.44	-1.34	0.66	0.75	-2.18	-1.12	-1.46	-0.4	2.29	0.89	-2.49	1.49	0.31	0.75	-2.18	-1.12	-1.46	-0.4	2.29	0.89	-2.49	1.49	0.31	3.11	0.26	-0.11	-3.04	-0.25	-1.66	0.27	1.84	0.7	2	-2.59	-2.64	-1.54	-0.85	-0.02	0.75	-2.18	-1.12	-1.46	-0.4	3.52	2.5	-3.5	1.99	-0.17
egln2_Fundulus_heteroclitus_6554	1.75	0.5	-1.44	-1.34	0.66	3.11	0.26	-0.11	-3.04	-0.25	2.39	-1.07	1.15	-1.39	0.67	2.39	-1.07	1.15	-1.39	0.67	-2.59	-2.64	-1.54	-0.85	-0.02	NA	NA	NA	NA	NA	-2.59	-2.64	-1.54	-0.85	-0.02	0.75	-2.18	-1.12	-1.46	-0.4	2.39	-1.07	1.15	-1.39	0.67	3.11	0.26	-0.11	-3.04	-0.25	1.75	0.5	-1.44	-1.34	0.66	0.75	-2.18	-1.12	-1.46	-0.4	2.29	0.89	-2.49	1.49	0.31	0.75	-2.18	-1.12	-1.46	-0.4	2.29	0.89	-2.49	1.49	0.31	3.11	0.26	-0.11	-3.04	-0.25	-1.66	0.27	1.84	0.7	2	-2.59	-2.64	-1.54	-0.85	-0.02	0.75	-2.18	-1.12	-1.46	-0.4	3.52	2.5	-3.5	1.99	-0.17
egln2_Girardinichthys_multiradiatus_3940	1.75	0.5	-1.44	-1.34	0.66	3.11	0.26	-0.11	-3.04	-0.25	2.39	-1.07	1.15	-1.39	0.67	2.39	-1.07	1.15	-1.39	0.67	-3.89	-1.73	-1.71	-0.84	0.26	-2.59	-2.64	-1.54	-0.85	-0.02	2.39	-1.07	1.15	-1.39	0.67	NA	NA	NA	NA	NA	2.39	-1.07	1.15	-1.39	0.67	3.11	0.26	-0.11	-3.04	-0.25	1.75	0.5	-1.44	-1.34	0.66	0.75	-2.18	-1.12	-1.46	-0.4	2.29	0.89	-2.49	1.49	0.31	0.75	-2.18	-1.12	-1.46	-0.4	2.29	0.89	-2.49	1.49	0.31	3.11	0.26	-0.11	-3.04	-0.25	-1.66	0.27	1.84	0.7	2	-2.59	-2.64	-1.54	-0.85	-0.02	0.75	-2.18	-1.12	-1.46	-0.4	2.29	0.89	-2.49	1.49	0.31
egln2_Cyprinodon_variegatus_4171	1.75	0.5	-1.44	-1.34	0.66	3.11	0.26	-0.11	-3.04	-0.25	2.39	-1.07	1.15	-1.39	0.67	2.39	-1.07	1.15	-1.39	0.67	-2.59	-2.64	-1.54	-0.85	-0.02	NA	NA	NA	NA	NA	-2.59	-2.64	-1.54	-0.85	-0.02	NA	NA	NA	NA	NA	2.39	-1.07	1.15	-1.39	0.67	3.11	0.26	-0.11	-3.04	-0.25	1.75	0.5	-1.44	-1.34	0.66	0.75	-2.18	-1.12	-1.46	-0.4	2.29	0.89	-2.49	1.49	0.31	0.24	-2.32	0.6	-0.14	1.3	2.29	0.89	-2.49	1.49	0.31	3.11	0.26	-0.11	-3.04	-0.25	-1.66	0.27	1.84	0.7	2	-2.59	-2.64	-1.54	-0.85	-0.02	0.75	-2.18	-1.12	-1.46	-0.4	3.52	2.5	-3.5	1.99	-0.17
