hif4A_Lepisosteus_oculatus_7670	NA	NA	NA	NA	NA	NA	NA	NA	NA	NA	NA	NA	NA	NA	NA	NA	NA	NA	NA	NA	NA	NA	NA	NA	NA	-4.28	-1.3	-1.49	-0.72	0.84	3.11	0.26	-0.11	-3.04	-0.25	3.98	0.93	1.93	-2.46	0.75	-1.66	0.27	1.84	0.7	2	NA	NA	NA	NA	NA	2.39	-1.07	1.15	-1.39	0.67	-1.66	0.27	1.84	0.7	2	0.75	-2.18	-1.12	-1.46	-0.4	-1.66	0.27	1.84	0.7	2	0.75	-2.18	-1.12	-1.46	-0.4
hif4A_Anguilla_anguilla_5766	NA	NA	NA	NA	NA	NA	NA	NA	NA	NA	0.84	-1.67	3.71	0.18	-2.65	0.75	-2.18	-1.12	-1.46	-0.4	0.75	-2.18	-1.12	-1.46	-0.4	2.47	1.95	0.26	3.9	0.09	-4.28	-1.3	-1.49	-0.72	0.84	2.39	-1.07	1.15	-1.39	0.67	2.39	-1.07	1.15	-1.39	0.67	-2.85	-0.22	0.47	1.94	-0.98	2.29	0.89	-2.49	1.49	0.31	-1.66	0.27	1.84	0.7	2	-4.22	1.94	1.06	0.54	-0.62	-1.66	0.27	1.84	0.7	2	0.84	-1.67	3.71	0.18	-2.65
hif4A_Clupea_harengus_0319	3.98	0.93	1.93	-2.46	0.75	0.75	-2.18	-1.12	-1.46	-0.4	3.05	1.62	1.04	-1.15	1.61	-1.66	0.27	1.84	0.7	2	0.75	-2.18	-1.12	-1.46	-0.4	-4.22	1.94	1.06	0.54	-0.62	3.11	0.26	-0.11	-3.04	-0.25	NA	NA	NA	NA	NA	0.84	-1.67	3.71	0.18	-2.65	-1.66	0.27	1.84	0.7	2	3.98	0.93	1.93	-2.46	0.75	2.47	1.95	0.26	3.9	0.09	3.52	2.5	-3.5	1.99	-0.17	-1.66	0.27	1.84	0.7	2	0.24	-2.32	0.6	-0.14	1.3
hif4A_Colossoma_macropomum_9818	3.98	0.93	1.93	-2.46	0.75	2.47	1.95	0.26	3.9	0.09	2.39	-1.07	1.15	-1.39	0.67	-1.66	0.27	1.84	0.7	2	0.75	-2.18	-1.12	-1.46	-0.4	-4.28	-1.3	-1.49	-0.72	0.84	3.98	0.93	1.93	-2.46	0.75	NA	NA	NA	NA	NA	-4.28	-1.3	-1.49	-0.72	0.84	NA	NA	NA	NA	NA	2.29	0.89	-2.49	1.49	0.31	-1.66	0.27	1.84	0.7	2	2.39	-1.07	1.15	-1.39	0.67	2.29	0.89	-2.49	1.49	0.31	-2.59	-2.64	-1.54	-0.85	-0.02
hif4A_Ctenopharyngodon_idella_3499	3.98	0.93	1.93	-2.46	0.75	1.75	0.5	-1.44	-1.34	0.66	3.05	1.62	1.04	-1.15	1.61	-1.66	0.27	1.84	0.7	2	0.75	-2.18	-1.12	-1.46	-0.4	3.52	2.5	-3.5	1.99	-0.17	3.11	0.26	-0.11	-3.04	-0.25	2.39	-1.07	1.15	-1.39	0.67	0.75	-2.18	-1.12	-1.46	-0.4	0.84	-1.67	3.71	0.18	-2.65	2.29	0.89	-2.49	1.49	0.31	-4.28	-1.3	-1.49	-0.72	0.84	3.52	2.5	-3.5	1.99	-0.17	2.39	-1.07	1.15	-1.39	0.67	3.98	0.93	1.93	-2.46	0.75
hif4A_Danio_rerio_7283	NA	NA	NA	NA	NA	1.75	0.5	-1.44	-1.34	0.66	2.39	-1.07	1.15	-1.39	0.67	2.05	-4.06	0.36	-0.82	-0.38	2.39	-1.07	1.15	-1.39	0.67	3.52	2.5	-3.5	1.99	-0.17	3.11	0.26	-0.11	-3.04	-0.25	2.39	-1.07	1.15	-1.39	0.67	0.75	-2.18	-1.12	-1.46	-0.4	-1.66	0.27	1.84	0.7	2	2.29	0.89	-2.49	1.49	0.31	-4.28	-1.3	-1.49	-0.72	0.84	3.52	2.5	-3.5	1.99	-0.17	-1.66	0.27	1.84	0.7	2	0.24	-2.32	0.6	-0.14	1.3
hif4a_Cyprinus_carpio_6640	3.98	0.93	1.93	-2.46	0.75	1.75	0.5	-1.44	-1.34	0.66	2.39	-1.07	1.15	-1.39	0.67	-1.66	0.27	1.84	0.7	2	0.75	-2.18	-1.12	-1.46	-0.4	3.52	2.5	-3.5	1.99	-0.17	3.11	0.26	-0.11	-3.04	-0.25	2.39	-1.07	1.15	-1.39	0.67	0.75	-2.18	-1.12	-1.46	-0.4	NA	NA	NA	NA	NA	1.75	0.5	-1.44	-1.34	0.66	-1.66	0.27	1.84	0.7	2	3.52	2.5	-3.5	1.99	-0.17	-1.66	0.27	1.84	0.7	2	-4.28	-1.3	-1.49	-0.72	0.84
hif4A_Carassius_auratus_8503	3.98	0.93	1.93	-2.46	0.75	3.98	0.93	1.93	-2.46	0.75	-4.28	-1.3	-1.49	-0.72	0.84	-1.66	0.27	1.84	0.7	2	0.75	-2.18	-1.12	-1.46	-0.4	2.47	1.95	0.26	3.9	0.09	2.39	-1.07	1.15	-1.39	0.67	-4.22	1.94	1.06	0.54	-0.62	0.75	-2.18	-1.12	-1.46	-0.4	NA	NA	NA	NA	NA	1.75	0.5	-1.44	-1.34	0.66	-1.66	0.27	1.84	0.7	2	3.52	2.5	-3.5	1.99	-0.17	-1.66	0.27	1.84	0.7	2	-4.22	1.94	1.06	0.54	-0.62
hif4A_Esox_lucius_4933	3.52	2.5	-3.5	1.99	-0.17	3.52	2.5	-3.5	1.99	-0.17	-2.54	2.44	0.43	0.04	-1.47	3.05	1.62	1.04	-1.15	1.61	0.75	-2.18	-1.12	-1.46	-0.4	-2.54	2.44	0.43	0.04	-1.47	2.47	1.95	0.26	3.9	0.09	NA	NA	NA	NA	NA	-1.66	0.27	1.84	0.7	2	3.05	1.62	1.04	-1.15	1.61	0.24	-2.32	0.6	-0.14	1.3	-1.66	0.27	1.84	0.7	2	0.75	-2.18	-1.12	-1.46	-0.4	2.29	0.89	-2.49	1.49	0.31	0.84	-1.67	3.71	0.18	-2.65
hif4A_Salmo_salar_3688	3.98	0.93	1.93	-2.46	0.75	3.11	0.26	-0.11	-3.04	-0.25	3.05	1.62	1.04	-1.15	1.61	0.84	-1.67	3.71	0.18	-2.65	-2.59	-2.64	-1.54	-0.85	-0.02	2.47	1.95	0.26	3.9	0.09	0.24	-2.32	0.6	-0.14	1.3	NA	NA	NA	NA	NA	0.75	-2.18	-1.12	-1.46	-0.4	-1.66	0.27	1.84	0.7	2	0.75	-2.18	-1.12	-1.46	-0.4	2.39	-1.07	1.15	-1.39	0.67	0.75	-2.18	-1.12	-1.46	-0.4	-4.28	-1.3	-1.49	-0.72	0.84	0.84	-1.67	3.71	0.18	-2.65
hif4A_Oncorhynchus_mykiss_0148	3.98	0.93	1.93	-2.46	0.75	3.11	0.26	-0.11	-3.04	-0.25	3.05	1.62	1.04	-1.15	1.61	3.52	2.5	-3.5	1.99	-0.17	-2.59	-2.64	-1.54	-0.85	-0.02	2.47	1.95	0.26	3.9	0.09	0.24	-2.32	0.6	-0.14	1.3	NA	NA	NA	NA	NA	0.75	-2.18	-1.12	-1.46	-0.4	-1.66	0.27	1.84	0.7	2	2.29	0.89	-2.49	1.49	0.31	2.39	-1.07	1.15	-1.39	0.67	0.75	-2.18	-1.12	-1.46	-0.4	-1.66	0.27	1.84	0.7	2	0.84	-1.67	3.71	0.18	-2.65
hif4A_Oncorhynchus_tshawytscha_1158	3.98	0.93	1.93	-2.46	0.75	3.11	0.26	-0.11	-3.04	-0.25	3.05	1.62	1.04	-1.15	1.61	3.52	2.5	-3.5	1.99	-0.17	-2.59	-2.64	-1.54	-0.85	-0.02	2.47	1.95	0.26	3.9	0.09	0.24	-2.32	0.6	-0.14	1.3	NA	NA	NA	NA	NA	0.75	-2.18	-1.12	-1.46	-0.4	-1.66	0.27	1.84	0.7	2	2.29	0.89	-2.49	1.49	0.31	2.39	-1.07	1.15	-1.39	0.67	0.75	-2.18	-1.12	-1.46	-0.4	-1.66	0.27	1.84	0.7	2	0.84	-1.67	3.71	0.18	-2.65
